BLACK
409.3 397
411.6 399.5
413.1 402.2
414.6 405
415.8 408.3
416.6 411.7
416.5 415.6
415.5 419.3
413.6 422.5
411 425
407.7 426.9
403.4 428.9
399.3 430.6
395.7 431.7
392.4 432.6
389.5 432.5
388 432
386.9 431.1
386.4 429.2
386.9 427.9
387 414.2
409.3 397
BLACK
373.3 381.1
374.8 380.6
377.2 380.6
381.2 382.7
384.5 385.1
386.8 388.7
388 392.6
388.6 398.9
388.5 407.1
388 412.8
386.6 414.3
369.9 425.9
361.9 431.7
356.7 433.4
351.8 435.1
348.2 435.5
345 435
344.8 431.3
345 427.1
345.5 423.3
346.9 420.1
349 418
350.9 418.1
353.2 417.7
358.9 414.5
365.7 409.9
373.1 404
372.9 397.7
373.3 381.1
BLACK
317.9 394.3
321.7 380.6
323.2 380.7
322.9 385
324 402
324.3 404.7
323.9 408.7
324.5 413.2
325.9 417.2
328.3 419.8
329.7 422.5
330.6 426.3
329.1 429.6
327.7 432.7
325.7 434.5
323.5 434.7
320.6 433.7
316.8 430.2
314.8 424.7
312.3 416.7
317.9 394.3
BLACK
542.8 358.1
560.2 331
572.8 311.5
585.3 295.4
595.3 286.5
604 281.5
611.7 284.5
615.6 292
618.1 312.7
617.5 328.5
614.5 347.6
609.2 365.1
602.7 377.7
594.7 390.6
587.2 399
576.9 408.5
567.3 414.2
558.4 412.5
550 410
542.8 405.8
533.3 409.1
542.8 358.1
BLACK
540 220
548.3 219.4
547.7 331.7
544.4 354.8
537.4 400.1
536.7 404.1
501.9 433.8
491.8 435.6
480.9 434.4
468.6 429.5
459.1 422.3
455.4 415.7
455.1 409.6
456.3 404
459.9 397
467.2 388.1
476 380.1
482.9 374.2
503.2 322.1
540 220
BLACK
417.9 288.9
477.2 330.3
481.5 365.3
448.7 407.7
437.6 403.1
424.8 394.5
414.8 384.8
411.5 375.4
410.4 356.2
412.8 328.5
414.8 309.4
417.9 288.9
WHITE
416.2 237.6
417.2 245.9
417.2 256.8
418.3 266.1
418.3 274.9
419.8 288.1
420 300
425.7 311.9
433.9 321.9
447.4 331.3
460 332.1
469.4 330.4
483.4 328.6
501.3 323
516.6 314.8
532.1 303.7
539.5 291.4
545.9 271.7
543 253.2
540 240
530.9 222.8
520.7 211.6
508.1 197.8
493.4 186.9
484 183.4
472.3 184.6
455.1 197.1
450.7 203.8
416.2 237.6
BLACK
421.2 237.6
453.7 203.8
455.1 197.1
456.2 192.4
454 187.7
451.4 184.8
452 185.2
452.7 184.5
448.3 184
445.5 184.9
438.6 187.8
432.9 192.8
428.6 198.1
424.6 204.5
420.3 211.9
418 227
417.6 232.6
421.7 235.6
426.2 237.6
BLACK
515 199
518.4 196.6
521.8 196.3
529.9 199
527.7 202.4
529.4 207.4
531.8 213.5
533.5 218.9
533.9 226.7
534.5 232.8
534.7 240.6
534.25 246.3
532.4 251.4
529.9 255.8
526.3 258.5
523.45 255.5 
521.4 247.4
519.2 236.9
517.35 220.6
514 199
WHITE
338.8 418
335.1 417.3
330 415.7
326.1 409.8
324.4 404.3
322.8 396.8
322.8 379.2
325.7 372
331.7 366.5
340.3 361.6
346.1 359.1
350.1 359.2
354.8 361.5
359.1 365.3
371.5 379.8
373 385.6
373.2 404.6
366.1 409.8
359.2 414.2
354.3 417.1
350.6 418
338.8 418
BLACK
322.4 380.2
323.7 380
324.7 377.8
323.9 375.6
324 372
324.8 368.3
325.9 364.7
327 362
329.1 359.8
330.8 358.5
332.3 358.8
333.5 359.6
333.2 361.3
333.4 363
333.7 364.8
332.5 368.4
330.7 373
326.4 380.2
BLACK
363.1 388.6
362.5 387.5
361.1 383.6
360.3 378.2
360.1 372.9
359.3 365.3
360.5 363.9
361.5 364
362.5 364.4
364.2 366.4
365.4 369.1
366.4 372.7
366.7 377.2
366.8 380.6
366.6 384.1
365.8 386.7
364.7 388.2
363.1 388.6
